686
309
342
746
652
348
366
152
637
897
320
739
244
943
990
646
785
327
390
462
771
271
834
315
873
7
804
472
977
664
402
959
634
155
446
39
670
850
151
924
469
552
471
372
892
677
506
319
952
894
198
346
798
283
197
582
762
196
939
44
666
317
46
103
295
95
442
530
170
381
70
893
163
732
251
292
651
189
904
886
740
567
72
773
272
401
984
207
896
693
463
796
484
477
523
434
116
663
838
464
290
16
521
615
431
361
432
812
178
221
998
675
589
561
371
58
999
684
358
34
302
423
362
495
622
355
559
118
540
719
828
752
187
533
544
414
232
166
267
236
774
780
528
352
214
571
69
425
881
465
944
87
690
135
503
915
548
807
35
182
880
981
610
31
367
542
986
233
632
201
859
8
661
912
280
531
790
569
614
104
59
627
310
145
534
768
276
682
562
274
974
909
948
325
223
837
438
421
75
488
238
577
672
195
131
130
228
139
656
608
604
161
716
689
849
720
250
444
273
312
345
426
606
933
580
343
98
185
765
645
923
508
27
588
218
688
329
722
910
946
368
11
115
496
453
478
407
578
443
816
225
654
331
683
437
895
579
373
183
158
515
240
874
635
833
468
173
5
379
749
792
47
858
747
334
848
601
49
979
973
396
80
748
644
357
862
84
498
420
587
88
509
699
685
696
545
24
286
332
480
737
823
380
733
64
413
335
842
159
454
231
154
199
452
455
573
814
593
947
19
847
995
294
397
786
311
983
108
340
392
594
725
365
980
831
669
165
700
393
810
94
109
162
694
389
783
738
803
305
395
76
730
217
252
618
378
360
872
234
598
655
539
835
106
91
474
339
649
541
203
202
177
344
97
65
832
926
836
903
723
643
265
412
92
710
133
253
147
745
527
328
657
931
603
717
105
37
734
550
322
318
215
744
111
706
137
906
364
192
127
248
188
825
581
817
921
77
702
841
920
754
824
330
857
570
457
299
450
386
304
62
255
287
264
458
811
211
430
140
568
671
67
213
770
676
449
56
451
291
988
422
777
620
869
867
26
642
406
281
100
467
500
830
268
293
987
81
750
23
61
172
470
639
171
951
525
505
927
260
356
493
759
288
419
839
259
235
985
989
616
735
845
513
123
289
640
336
206
856
877
820
532
899
712
514
9
647
15
510
258
557
813
122
781
727
713
626
611
844
376
612
323
261
546
456
120
801
901
882
885
970
595
132
692
89
160
586
6
324
370
555
553
254
174
243
415
758
141
572
937
822
205
483
629
668
48
45
695
761
704
908
349
86
769
776
755
249
902
230
435
20
703
566
66
507
3
827
54
36
935
621
558
806
731
955
940
55
461
851
494
270
918
10
298
382
113
126
194
526
547
307
718
543
779
12
829
660
764
994
403
650
278
721
724
41
409
597
766
186
90
21
860
134
169
782
384
180
821
408
303
707
932
18
888
800
631
296
590
865
350
156
179
363
50
520
410
150
600
930
398
791
625
460
741
497
954
585
136
146
916
204
308
176
333
99
279
316
551
574
863
504
22
143
884
269
592
565
805
404
313
487
852
797
524
925
284
667
772
630
57
968
119
691
653
997
14
697
383
321
938
40
153
485
212
662
996
440
439
802
978
436
701
262
743
85
266
962
767
110
1
190
224
963
556
433
491
864
25
913
175
486
191
148
129
992
219
623
628
33
124
624
638
687
501
919
967
665
975
991
466
237
445
537
424
314
479
784
263
950
602
385
326
949
473
709
208
405
71
549
482
157
929
870
53
447
960
905
617
868
753
73
68
583
941
887
818
164
341
966
112
846
648
411
596
855
246
518
142
679
961
300
576
417
942
375
535
554
843
964
715
227
819
878
351
377
641
605
388
993
63
890
953
808
636
78
883
247
13
210
117
633
917
222
861
429
242
928
499
898
728
795
971
257
400
613
338
976
193
889
956
575
369
789
374
239
965
969
599
900
481
448
181
907
60
511
658
337
560
200
32
391
220
659
853
168
285
736
681
275
866
107
79
428
934
742
144
42
167
519
536
788
757
301
149
516
282
529
698
277
125
891
756
982
28
459
945
609
936
522
705
678
241
82
584
4
708
914
538
489
256
492
297
43
911
101
306
17
387
83
729
793
922
441
418
763
416
114
680
354
854
121
879
93
490
51
711
591
399
876
475
564
38
815
607
427
347
74
502
245
674
138
353
957
96
2
216
359
128
794
714
778
826
517
226
29
209
476
775
563
972
875
726
52
673
958
512
760
751
184
871
394
799
619
840
787
102
30
809
229
0
